V-23.4_100,V-10_108
7930.66,210
1750.0,90
8148.33,190
9185.48,590
9153.66,470
1750.0,110
1751.67,70
1755.0,160
1750.0,70
9231.76,310
1755.0,70
1755.0,140
1755.0,50
1755.0,150
7924.48,160
8699.73,160
9185.48,390
1755.0,170
1755.0,190
1755.0,190
1755.0,350
8555.54,340
1750.0,90
9231.76,290
1755.0,40
1755.0,110
9114.22,430
1755.0,120
1750.0,60
9231.76,430
1750.0,60
1755.0,80
1755.0,320
1755.0,170
1755.0,90
8555.54,260
1755.0,100
1755.0,120
9000.91,360
8271.46,240
9231.76,270
1755.0,80
1755.0,80
8343.6,150
8555.54,290
9114.22,220
1755.0,130
1755.0,90
1755.0,190
1755.0,120
1750.0,70
8842.18,450
1755.0,110
1750.0,120
1755.0,50
1755.0,70
8920.04,300
1755.0,190
9185.48,330
9114.22,430
8364.78,210
1755.0,140
8699.73,220
1755.0,50
1755.0,100
